Accuracy: 0.9865
True labels length: 148	True labels: [2, 0, 0, 2, 2, 2, 2, 2, 2, 0, 0, 0, 0, 2, 2, 2, 3, 3, 3, 3, 0, 0, 0, 0, 2, 0, 0, 0, 0, 0, 0, 2, 1, 2, 2, 2, 2, 2, 0, 2, 2, 0, 0, 0, 1, 1, 0, 0, 1, 1, 1, 0, 0, 1, 2, 1, 0, 0, 1, 0, 0, 3, 3, 1, 2, 1, 0, 0, 0, 0, 0, 3, 3, 3, 0, 0, 0, 0, 0, 0, 3, 3, 3, 3, 3, 3, 3, 3, 3, 0, 0, 0, 0, 0, 0, 3, 3, 0, 0, 0, 0, 0, 0, 0, 3, 3, 3, 0, 2, 2, 2, 2, 0, 1, 0, 3, 0, 1, 3, 2, 0, 0, 3, 0, 0, 0, 0, 2, 2, 2, 2, 1, 0, 0, 3, 3, 3, 3, 3, 3, 3, 3, 3, 3, 3, 3, 3, 3]
Predicted labels length: 148	Predicted labels: [2, 0, 0, 2, 2, 2, 2, 2, 2, 0, 0, 0, 0, 2, 2, 0, 3, 3, 3, 3, 0, 0, 0, 0, 2, 0, 0, 0, 0, 0, 0, 2, 1, 2, 2, 2, 2, 2, 0, 2, 2, 0, 0, 0, 1, 1, 0, 0, 1, 1, 1, 0, 0, 1, 2, 1, 0, 0, 1, 0, 0, 3, 3, 1, 2, 1, 0, 0, 0, 0, 0, 3, 3, 3, 0, 0, 0, 0, 0, 0, 3, 3, 3, 3, 3, 3, 3, 3, 3, 0, 0, 0, 0, 0, 0, 3, 3, 0, 0, 0, 0, 0, 0, 0, 3, 3, 3, 0, 2, 2, 2, 2, 0, 1, 0, 3, 0, 1, 3, 2, 0, 0, 3, 0, 0, 0, 0, 1, 2, 2, 2, 1, 0, 0, 3, 3, 3, 3, 3, 3, 3, 3, 3, 3, 3, 3, 3, 3]
Classification Report:
              precision    recall  f1-score   support

           0       0.98      1.00      0.99        64
           1       0.93      1.00      0.97        14
           2       1.00      0.93      0.97        30
           3       1.00      1.00      1.00        40

    accuracy                           0.99       148
   macro avg       0.98      0.98      0.98       148
weighted avg       0.99      0.99      0.99       148

