Accuracy: 0.9648
True labels length: 284	True labels: [2, 2, 2, 2, 2, 2, 2, 2, 0, 0, 2, 2, 2, 2, 0, 0, 0, 0, 2, 0, 2, 2, 0, 2, 0, 0, 0, 0, 0, 0, 2, 2, 3, 3, 3, 3, 3, 3, 2, 2, 0, 2, 0, 1, 0, 0, 0, 0, 0, 0, 2, 0, 0, 0, 0, 0, 0, 0, 0, 1, 2, 2, 1, 0, 0, 0, 0, 0, 0, 0, 1, 2, 2, 1, 2, 1, 2, 2, 2, 2, 2, 2, 2, 2, 0, 2, 2, 2, 2, 0, 0, 0, 2, 2, 2, 2, 2, 1, 1, 2, 0, 1, 0, 1, 0, 1, 1, 1, 0, 0, 0, 1, 1, 1, 0, 0, 0, 0, 0, 0, 0, 0, 0, 0, 0, 0, 0, 0, 0, 1, 1, 2, 1, 2, 1, 2, 1, 3, 3, 3, 0, 0, 0, 1, 2, 1, 1, 3, 3, 3, 3, 2, 3, 3, 0, 2, 0, 3, 3, 0, 0, 0, 3, 3, 3, 3, 0, 0, 0, 0, 0, 3, 0, 0, 0, 0, 0, 0, 0, 0, 0, 3, 3, 3, 3, 3, 3, 0, 0, 3, 3, 2, 3, 3, 0, 0, 0, 0, 0, 0, 0, 2, 0, 2, 0, 2, 2, 2, 2, 2, 2, 2, 0, 3, 0, 0, 1, 1, 0, 0, 3, 3, 3, 3, 1, 1, 0, 0, 2, 1, 2, 0, 2, 0, 0, 3, 3, 2, 2, 2, 0, 0, 0, 0, 0, 1, 2, 0, 0, 0, 3, 3, 3, 3, 3, 2, 3, 3, 3, 3, 3, 0, 0, 3, 3, 3, 3, 3, 3, 3, 2, 3, 3, 3, 3, 3, 3, 3, 3, 3, 3, 3, 3, 3]
Predicted labels length: 284	Predicted labels: [1, 2, 1, 2, 2, 2, 2, 2, 0, 0, 2, 2, 2, 2, 0, 0, 0, 0, 2, 0, 2, 3, 0, 2, 0, 2, 0, 0, 0, 0, 2, 2, 3, 3, 3, 3, 3, 3, 2, 2, 0, 2, 0, 2, 0, 0, 0, 0, 0, 0, 2, 0, 0, 0, 0, 0, 0, 0, 0, 2, 2, 2, 1, 0, 0, 0, 0, 0, 0, 0, 1, 2, 2, 1, 2, 1, 2, 2, 2, 2, 2, 2, 2, 2, 0, 2, 2, 2, 2, 0, 0, 0, 2, 2, 2, 2, 2, 1, 1, 2, 0, 1, 0, 1, 0, 1, 1, 2, 0, 0, 0, 1, 1, 1, 0, 0, 0, 0, 0, 0, 0, 0, 0, 0, 0, 0, 0, 0, 0, 1, 1, 2, 1, 2, 1, 2, 1, 3, 3, 3, 0, 0, 0, 1, 2, 1, 1, 3, 3, 3, 3, 2, 3, 3, 0, 2, 0, 3, 3, 0, 0, 0, 3, 3, 3, 3, 0, 0, 0, 0, 0, 3, 0, 0, 0, 0, 0, 0, 0, 0, 0, 3, 3, 3, 3, 3, 3, 0, 0, 3, 3, 2, 3, 3, 0, 0, 0, 0, 0, 0, 0, 2, 0, 2, 0, 2, 1, 2, 2, 2, 2, 2, 0, 3, 0, 0, 1, 1, 0, 0, 3, 3, 3, 3, 1, 1, 0, 0, 2, 1, 2, 0, 2, 0, 0, 3, 3, 2, 2, 2, 0, 0, 0, 0, 0, 1, 2, 0, 3, 0, 3, 3, 3, 3, 3, 2, 3, 3, 3, 3, 3, 0, 0, 3, 3, 3, 3, 3, 0, 3, 2, 3, 3, 3, 3, 3, 3, 3, 3, 3, 3, 3, 3, 3]
Classification Report:
              precision    recall  f1-score   support

           0       0.99      0.98      0.99       115
           1       0.90      0.90      0.90        30
           2       0.94      0.94      0.94        70
           3       0.97      0.99      0.98        69

    accuracy                           0.96       284
   macro avg       0.95      0.95      0.95       284
weighted avg       0.96      0.96      0.96       284

