3 0.3046875 0.653125 0.0359375 0.05078125
3 0.29765625 0.1390625 0.0421875 0.0734375
3 0.03671875 0.325 0.04765625 0.0828125
3 0.2140625 0.29140625 0.03984375 0.0875
3 0.1609375 0.18984375 0.05546875 0.0796875
3 0.4234375 0.315625 0.034375 0.075
3 0.40546875 0.38828125 0.053125 0.0734375
3 0.4140625 0.4875 0.0578125 0.1125
3 0.53984375 0.52890625 0.03984375 0.05546875
3 0.5859375 0.709375 0.03046875 0.05234375
3 0.390625 0.64296875 0.05 0.071875
3 0.82578125 0.59296875 0.03046875 0.05078125
3 0.7890625 0.7125 0.0421875 0.08125
3 0.85 0.659375 0.05390625 0.078125
3 0.87109375 0.78046875 0.0640625 0.10234375
3 0.89609375 0.62734375 0.03359375 0.06640625
3 0.9328125 0.6125 0.01953125 0.046875
3 0.9484375 0.6703125 0.028125 0.0390625
3 0.91875 0.7484375 0.034375 0.06875
3 0.97265625 0.7234375 0.025 0.04375
3 0.9671875 0.78515625 0.0421875 0.06640625
3 0.88359375 0.56875 0.0453125 0.05390625
3 0.56328125 0.04375 0.0390625 0.06171875
3 0.50546875 0.20390625 0.06171875 0.084375
0 0.1125 0.6375 0.0140625 0.02421875
0 0.1765625 0.603125 0.0109375 0.01484375