1 0.6239149312500001 0.5989583328125 0.6868489578125 0.6689453125 0.7497829859375 0.7454427078125 0.7693142359375 0.791015625 0.786675346875 0.8121744796874999 0.8094618062500001 0.80078125 0.8029513890625 0.7682291671875 0.7845052078125 0.7242838546875 0.7454427078125 0.6673177078125 0.687934028125 0.60546875 0.610894096875 0.5354817703125 0.5555555562500001 0.4801432296875 0.513237846875 0.439453125 0.5013020828125 0.4085286453125 0.5403645828125 0.390625 0.5859375 0.4345703125 0.6629774312500001 0.4915364578125 0.732421875 0.56640625 0.7888454859375 0.5875651046875 0.7628038187499999 0.5224609375 0.6955295140625 0.4654947921875 0.6260850687499999 0.4166666671875 0.5729166671875 0.3369140625 0.5533854171875 0.2392578125 0.52734375 0.1236979171875 0.4861111109375 0.068359375 0.3971354171875 0.0374348953125 0.29188368124999997 0.08951822968749999 0.21267361093749998 0.33203125 0.2658420140625 0.4622395828125 0.39496527812500004 0.537109375 0.4264322921875 0.4947916671875 0.4557291671875 0.4931640625 0.48285590312500004 0.4964192703125 0.5642361109375 0.556640625 0.6239149312500001 0.5989583328125
0 0.8796875 0.28125 0.01484375 0.0328125
0 0.715625 0.209375 0.01875 0.040625
0 0.64921875 0.26484375 0.0140625 0.02421875
0 0.7609375 0.47109375 0.0171875 0.03125
0 0.72265625 0.10390625 0.01328125 0.02578125
0 0.84375 0.6875 0.01171875 0.02421875
0 0.54453125 0.6453125 0.01640625 0.02109375
0 0.55625 0.58125 0.01171875 0.01640625
0 0.45 0.909375 0.01640625 0.04375
0 0.1640625 0.83828125 0.009375 0.01640625
0 0.04296875 0.44375 0.0140625 0.02109375
0 0.184375 0.3890625 0.0109375 0.02265625
0 0.4015625 0.38203125 0.0171875 0.02734375