3 0.44140625 0.14453125 0.0578125 0.09140625
3 0.53203125 0.1390625 0.10546875 0.0734375
3 0.28125 0.55390625 0.05390625 0.0796875
3 0.06171875 0.815625 0.11484375 0.13984375
3 0.40546875 0.2890625 0.04375 0.06015625
3 0.37578125 0.175 0.04765625 0.0796875
3 0.65546875 0.54453125 0.0453125 0.05390625
3 0.728125 0.665625 0.0734375 0.06484375
3 0.5890625 0.615625 0.06484375 0.0875
3 0.58671875 0.78046875 0.03046875 0.04375
3 0.71640625 0.56015625 0.059375 0.0875
3 0.35859375 0.725 0.053125 0.06640625
3 0.853125 0.91875 0.0859375 0.0796875
3 0.6453125 0.79921875 0.03125 0.0421875
3 0.69453125 0.7984375 0.03046875 0.04375
3 0.2828125 0.2859375 0.05546875 0.09296875
3 0.2078125 0.428125 0.03125 0.0421875
0 0.1875 0.69609375 0.0140625 0.01796875
0 0.55625 0.17890625 0.01484375 0.0328125