2 0.48828125 0.4801432296875 0.4752604171875 0.48828125 0.46332465312500004 0.5794270828125 0.47309027812500004 0.5843098953125 0.4850260421875 0.5029296875 0.48828125 0.4801432296875
0 0.409375 0.72578125 0.0140625 0.02578125
0 0.7453125 0.14453125 0.01484375 0.01640625
3 0.6203125 0.1203125 0.05390625 0.084375
3 0.7203125 0.1140625 0.09453125 0.08125
3 0.04609375 0.5734375 0.0875 0.115625
3 0.07421875 0.4953125 0.04453125 0.05703125
3 0.11640625 0.8140625 0.0609375 0.0875
3 0.11953125 0.61640625 0.078125 0.0828125
3 0.184375 0.82890625 0.05234375 0.0828125
3 0.253125 0.8296875 0.04765625 0.078125
3 0.325 0.828125 0.053125 0.08125
3 0.4953125 0.5609375 0.046875 0.0765625
3 0.65078125 0.61015625 0.03984375 0.0484375
3 0.68515625 0.7125 0.0484375 0.06171875
3 0.74140625 0.64453125 0.05234375 0.06875
3 0.72265625 0.75546875 0.028125 0.0484375
3 0.7484375 0.5375 0.02734375 0.05234375
3 0.6015625 0.27890625 0.04453125 0.0703125
3 0.475 0.3015625 0.046875 0.0703125
3 0.16484375 0.11015625 0.04140625 0.0734375
3 0.803125 0.60546875 0.0484375 0.10078125