0 0.31484375 0.6515625 0.0171875 0.0375
0 0.24765625 0.7828125 0.01171875 0.01953125
0 0.396875 0.95859375 0.0171875 0.0296875
0 0.46796875 0.4734375 0.01953125 0.0296875
0 0.49765625 0.42265625 0.01640625 0.02109375
0 0.709375 0.44453125 0.0171875 0.01953125
0 0.6640625 0.19140625 0.0109375 0.01796875
0 0.74140625 0.18203125 0.0109375 0.02265625
0 0.865625 0.340625 0.01875 0.02421875
0 0.9859375 0.55625 0.0171875 0.02578125
0 0.72578125 0.6765625 0.0109375 0.02109375
0 0.4109375 0.1609375 0.01484375 0.02265625
0 0.2140625 0.05390625 0.01328125 0.01640625
0 0.07734375 0.01328125 0.03046875 0.02578125
0 0.084375 0.43515625 0.0203125 0.02421875
1 0.5186631937499999 0.4427083328125 0.570746528125 0.5257161453125 0.6065538187499999 0.60546875 0.6282552078125 0.6770833328125 0.6358506937499999 0.7210286453125 0.6608072921875 0.7731119796875 0.6705729171875 0.7356770828125 0.6564670140625 0.6819661453125 0.6412760421875 0.6038411453125 0.6087239578125 0.5289713546875 0.570746528125 0.4361979171875 0.531684028125 0.361328125 0.503472221875 0.29296875 0.502387153125 0.2750651046875 0.5349392359375 0.2718098953125 0.5544704859375 0.3141276046875 0.5826822921875 0.3597005203125 0.6217447921875 0.4036458328125 0.6423611109375 0.4475911453125 0.659722221875 0.5094401046875 0.6749131937499999 0.5485026046875 0.693359375 0.5680338546875 0.7020399312500001 0.5224609375 0.6814236109375 0.4475911453125 0.6651475687499999 0.4020182296875 0.640190971875 0.3645833328125 0.6271701390625 0.3369140625 0.5750868062500001 0.2880859375 0.546875 0.21158854218749998 0.5544704859375 0.1334635421875 0.580512153125 0.087890625 0.600043403125 0.0406901046875 0.595703125 0.011393229687500001 0.5295138890625 0.029296875 0.40907118125 0.0048828125 0.35698784687499996 0.0358072921875 0.3200954859375 0.1057942703125 0.32335069375000003 0.1936848953125 0.35264756875000003 0.2490234375 0.39605034687499996 0.2815755203125 0.4264322921875 0.2766927078125 0.4524739578125 0.3011067703125 0.4654947921875 0.3190104171875 0.48936631875 0.3662109375 0.5186631937499999 0.4427083328125
3 0.55546875 0.74140625 0.09765625 0.13515625
3 0.58515625 0.875 0.10625 0.12890625
3 0.65078125 0.6234375 0.0703125 0.13984375
3 0.671875 0.85390625 0.0953125 0.1640625
3 0.74140625 0.778125 0.09765625 0.17265625