0 0.46171875 0.75546875 0.0203125 0.0296875
0 0.4609375 0.40546875 0.01484375 0.0421875
0 0.47109375 0.384375 0.0171875 0.0328125
0 0.18125 0.109375 0.01484375 0.02265625
0 0.19296875 0.2171875 0.0171875 0.02734375
0 0.39296875 0.025 0.0296875 0.05
0 0.9171875 0.26640625 0.0171875 0.02734375
3 0.7609375 0.13984375 0.09765625 0.0875
3 0.67578125 0.11640625 0.06953125 0.2
3 0.76171875 0.065625 0.1109375 0.13125
3 0.02265625 0.059375 0.0453125 0.0734375
3 0.03984375 0.17578125 0.071875 0.1140625
3 0.1109375 0.221875 0.05625 0.0859375
3 0.1265625 0.1625 0.078125 0.1203125
2 0.4904513890625 0.5143229171875 0.5295138890625 0.6298828125 0.5729166671875 0.7421875 0.5859375 0.7747395828125 0.5989583328125 0.7503255203125 0.560980903125 0.6380208328125 0.5154079859375 0.4915364578125 0.5056423609375 0.4703776046875 0.478515625 0.4850260421875 0.4904513890625 0.5143229171875