3 0.2953125 0.33671875 0.06484375 0.1140625
3 0.6453125 0.3046875 0.05625 0.071875
3 0.4765625 0.32890625 0.09453125 0.071875
3 0.43671875 0.46015625 0.096875 0.08984375
3 0.24765625 0.53046875 0.0875 0.078125
3 0.021875 0.5328125 0.04375 0.06328125
3 0.1671875 0.74765625 0.071875 0.0703125
3 0.58125 0.37109375 0.0640625 0.0875
3 0.56484375 0.59765625 0.0578125 0.06484375
3 0.50859375 0.2453125 0.05 0.0796875
3 0.57265625 0.2171875 0.08046875 0.08984375
3 0.6578125 0.16953125 0.059375 0.06875
3 0.6078125 0.49140625 0.034375 0.06875
3 0.62421875 0.44453125 0.02734375 0.0421875
3 0.64765625 0.48359375 0.0328125 0.06875
3 0.7046875 0.390625 0.046875 0.06171875
3 0.70234375 0.2484375 0.03359375 0.05703125
3 0.77109375 0.35859375 0.0484375 0.08984375
3 0.815625 0.2203125 0.0484375 0.05703125
3 0.8140625 0.3375 0.0296875 0.05703125
3 0.3359375 0.4984375 0.08359375 0.1078125