3 0.49296875 0.83828125 0.0640625 0.10390625
3 0.5421875 0.74765625 0.06640625 0.121875
3 0.578125 0.8875 0.10390625 0.13203125
3 0.61015625 0.84609375 0.06328125 0.1078125
3 0.6859375 0.83828125 0.07265625 0.09453125
3 0.66328125 0.76640625 0.128125 0.13671875
3 0.57421875 0.68046875 0.13671875 0.153125
2 0.45464409687499996 0.5891927078125 0.4166666671875 0.5582682296875 0.3352864578125 0.5159505203125 0.2604166671875 0.4752604171875 0.209418403125 0.4524739578125 0.210503471875 0.4996744796875 0.263671875 0.5159505203125 0.43511284687499996 0.5843098953125 0.45464409687499996 0.5891927078125
2 0.76171875 0.6396484375 0.9993489578125001 0.7080078125 0.9743923609375 0.6803385421875 0.8962673609375 0.6559244796875 0.6662326390625 0.6038411453125 0.6380208328125 0.5891927078125 0.5490451390625 0.5696614578125 0.3938802078125 0.5208333328125 0.3548177078125 0.5110677078125 0.38194444375000003 0.537109375 0.46440972187499996 0.5696614578125 0.5891927078125 0.60546875 0.76171875 0.6396484375
0 0.640625 0.41328125 0.0140625 0.0296875
0 0.6328125 0.34921875 0.0140625 0.02421875
0 0.18359375 0.09453125 0.0140625 0.02578125