3 0.146875 0.05234375 0.05859375 0.084375
3 0.3328125 0.59921875 0.0453125 0.071875
3 0.42421875 0.40390625 0.0671875 0.1171875
3 0.48828125 0.21953125 0.0390625 0.075
3 0.94609375 0.09296875 0.0390625 0.0875
3 0.86875 0.1609375 0.04140625 0.08125
3 0.57734375 0.3171875 0.0609375 0.0875
3 0.46640625 0.5078125 0.0609375 0.1109375
3 0.39921875 0.746875 0.0609375 0.1140625
3 0.60625 0.44453125 0.05859375 0.08125
3 0.85625 0.425 0.06328125 0.1203125
3 0.4734375 0.91796875 0.06484375 0.13671875
3 0.4109375 0.29296875 0.0671875 0.1171875
3 0.5125 0.36328125 0.09140625 0.17265625
0 0.5671875 0.9671875 0.028125 0.05234375