0 0.8703125 0.3703125 0.01484375 0.02421875
0 0.7203125 0.2546875 0.009375 0.01796875
0 0.6453125 0.29375 0.0109375 0.01484375
0 0.73046875 0.53125 0.0140625 0.02421875
0 0.51015625 0.584375 0.01328125 0.01953125
0 0.4890625 0.64609375 0.0203125 0.02265625
0 0.365625 0.88515625 0.021875 0.0390625
0 0.09296875 0.74296875 0.01171875 0.02109375
0 0.16953125 0.3 0.0140625 0.02109375
0 0.0203125 0.30859375 0.0140625 0.02421875
0 0.384375 0.34609375 0.0078125 0.01484375
1 0.7237413187499999 0.7958984375 0.6998697921875 0.7405598953125 0.6749131937499999 0.6949869796875 0.6260850687499999 0.6298828125 0.5891927078125 0.5777994796875 0.5577256937499999 0.537109375 0.5436197921875 0.5143229171875 0.576171875 0.4817708328125 0.619574653125 0.5094401046875 0.6477864578125 0.576171875 0.6846788187499999 0.6217447921875 0.7313368062500001 0.6673177078125 0.732421875 0.6298828125 0.7139756937499999 0.576171875 0.6716579859375 0.517578125 0.6358506937499999 0.48828125 0.6032986109375 0.4524739578125 0.5360243062500001 0.3483072921875 0.532769096875 0.3401692703125 0.5295138890625 0.263671875 0.5360243062500001 0.2001953125 0.5338541671875 0.13223046875 0.517578125 0.1045611984375 0.5088975687499999 0.058988281249999996 0.49262152812500004 0.0280638015625 0.4459635421875 0.013415364062499999 0.38628472187499996 0.06875390625 0.32769097187499996 0.11758203125 0.2658420140625 0.23476953125 0.2658420140625 0.32266015625 0.2864583328125 0.41055078125 0.322265625 0.45449609375 0.37977430624999997 0.4723997390625 0.4427083328125 0.49355859375 0.5013020828125 0.5407591140625 0.5295138890625 0.5700559890625 0.6141493062500001 0.673828125 0.6228298609375 0.693359375 0.654296875 0.7307942703125 0.6857638890625 0.7584635421875 0.6922743062500001 0.7828776046875 0.6922743062500001 0.8170572921874999 0.698784721875 0.830078125 0.707465278125 0.8577473953125001 0.7345920140625 0.869140625 0.7237413187499999 0.7958984375