3 0.44296875 0.44609375 0.0890625 0.1625
3 0.2265625 0.64765625 0.0421875 0.078125
3 0.69140625 0.1890625 0.046875 0.06875
3 0.5125 0.51015625 0.059375 0.1125
3 0.375 0.46875 0.046875 0.06875
3 0.590625 0.46796875 0.05546875 0.0796875
3 0.6734375 0.34765625 0.05625 0.0703125
0 0.7296875 0.771875 0.01171875 0.02265625
0 0.540625 0.2390625 0.01171875 0.02578125
0 0.4875 0.09296875 0.01640625 0.02265625
3 0.56015625 0.071875 0.0609375 0.09765625
0 0.24609375 0.5546875 0.01953125 0.0296875
0 0.02421875 0.6171875 0.0140625 0.01640625
0 0.07265625 0.59140625 0.01953125 0.03125
0 0.27734375 0.1921875 0.0140625 0.02265625
0 0.240625 0.41484375 0.01640625 0.01640625
0 0.240625 0.43671875 0.01484375 0.01171875
0 0.278125 0.44140625 0.01328125 0.01640625