1 0.2810329859375 0.7552083328125 0.341796875 0.8756510421874999 0.41015625 0.8837890625 0.4752604171875 0.8658854171874999 0.5295138890625 0.8186848953125001 0.5696614578125 0.7063802078125 0.601128471875 0.576171875 0.698784721875 0.4931640625 0.8311631937499999 0.4248046875 0.8713107640625 0.3987630203125 0.8756510421874999 0.3645833328125 0.8138020828125001 0.3759765625 0.771484375 0.400390625 0.7291666671875 0.4215494796875 0.673828125 0.4638671875 0.6022135421875 0.5647786453125 0.571831596875 0.5989583328125 0.4958767359375 0.6233723953125 0.4850260421875 0.5631510421875 0.5588107640625 0.48828125 0.634765625 0.4134114578125 0.6857638890625 0.3678385421875 0.7259114578125 0.3352864578125 0.7421875 0.3206380203125 0.72265625 0.3141276046875 0.7107204859375 0.3157552078125 0.6814236109375 0.3385416671875 0.648871528125 0.3564453125 0.620659721875 0.3743489578125 0.5859375 0.4264322921875 0.5631510421875 0.4638671875 0.513237846875 0.498046875 0.4763454859375 0.4931640625 0.43402777812500004 0.4557291671875 0.38628472187499996 0.4280598953125 0.34613715312500004 0.4345703125 0.27777777812500004 0.4410807296875 0.24522569375 0.4557291671875 0.23220486093749998 0.4850260421875 0.22243923593749998 0.5159505203125 0.224609375 0.5582682296875 0.23546006875 0.6461588546875 0.2810329859375 0.7552083328125
0 0.49296875 0.32890625 0.01640625 0.01953125
0 0.41796875 0.178125 0.0109375 0.01796875
0 0.48046875 0.22578125 0.0078125 0.01796875
0 0.66015625 0.28515625 0.0078125 0.01953125
0 0.590625 0.07734375 0.0171875 0.02109375
0 0.81171875 0.2828125 0.0046875 0.01328125
0 0.8 0.16796875 0.00859375 0.01953125
0 0.6890625 0.615625 0.0171875 0.0359375
0 0.6546875 0.5734375 0.01328125 0.0375
0 0.59765625 0.7375 0.01953125 0.02578125
0 0.45390625 0.65234375 0.0140625 0.02265625
0 0.46953125 0.67890625 0.021875 0.02265625