0 0.86796875 0.48984375 0.0171875 0.02578125
0 0.4859375 0.2484375 0.01171875 0.01484375
0 0.028125 0.3484375 0.01328125 0.01328125
0 0.01171875 0.36875 0.01171875 0.01796875
0 0.3796875 0.18671875 0.0171875 0.02421875
3 0.59140625 0.071875 0.0671875 0.084375
3 0.50234375 0.50703125 0.08671875 0.20703125
3 0.58203125 0.5046875 0.075 0.10078125
3 0.66328125 0.2171875 0.0828125 0.09609375
3 0.41796875 0.88203125 0.0671875 0.09453125
3 0.04765625 0.15859375 0.0390625 0.24921875
3 0.43046875 0.0984375 0.0671875 0.10546875