0 0.64375 0.46796875 0.0203125 0.03125
0 0.5 0.309375 0.021875 0.02265625
0 0.5546875 0.22578125 0.021875 0.04375
0 0.54296875 0.125 0.01875 0.0296875
0 0.728125 0.2359375 0.01953125 0.0390625
0 0.9171875 0.30546875 0.01953125 0.040625
0 0.45703125 0.72265625 0.0140625 0.01640625
0 0.271875 0.515625 0.01640625 0.02578125
0 0.05625 0.6109375 0.01171875 0.034375
0 0.05390625 0.44921875 0.0171875 0.0296875
1 0.551215278125 0.693359375 0.669487846875 0.7454427078125 0.7042100687499999 0.7747395828125 0.7259114578125 0.7893880203125 0.736762153125 0.7828776046875 0.728081596875 0.7275390625 0.6629774312500001 0.6754557296875 0.5479600687499999 0.6070963546875 0.47417534687499996 0.5712890625 0.41558159687499996 0.5485026046875 0.3841145828125 0.4915364578125 0.40473090312500004 0.4866536453125 0.4709201390625 0.4996744796875 0.5360243062500001 0.5192057296875 0.6456163187499999 0.576171875 0.668402778125 0.595703125 0.6901041671875 0.5517578125 0.6174045140625 0.4947916671875 0.48285590312500004 0.4638671875 0.439453125 0.4573567703125 0.4123263890625 0.4150390625 0.39496527812500004 0.3157552078125 0.38194444375000003 0.2783203125 0.34071180624999997 0.1676432296875 0.30815972187499996 0.1513671875 0.21267361093749998 0.185546875 0.1052517359375 0.3548177078125 0.1041666671875 0.4720052078125 0.13454861093749998 0.5794270828125 0.19314236093749998 0.6201171875 0.27452256875000003 0.6380208328125 0.3125 0.6184895828125 0.341796875 0.6070963546875 0.39496527812500004 0.6087239578125 0.46332465312500004 0.6396484375 0.551215278125 0.693359375