1 0.13563368125 0.5908203125 0.2571614578125 0.6787109375 0.3352864578125 0.6412760421875 0.4177517359375 0.615234375 0.56640625 0.6038411453125 0.7052951390625 0.6282552078125 0.751953125 0.6266276046875 0.751953125 0.5908203125 0.7248263890625 0.5680338546875 0.7052951390625 0.537109375 0.601128471875 0.5485026046875 0.541449653125 0.5517578125 0.46875 0.5517578125 0.40147569375 0.5615234375 0.3287760421875 0.5631510421875 0.37109375 0.5126953125 0.4752604171875 0.4866536453125 0.5935329859375 0.46875 0.6358506937499999 0.4768880203125 0.6477864578125 0.4606119796875 0.6423611109375 0.4329427078125 0.6141493062500001 0.4231770828125 0.591362846875 0.4231770828125 0.5045572921875 0.4215494796875 0.4720052078125 0.4280598953125 0.41883680625 0.44921875 0.380859375 0.4573567703125 0.33311631875000003 0.4329427078125 0.29730902812500004 0.3580729171875 0.25390625 0.2880859375 0.20724826406250002 0.2685546875 0.1725260421875 0.2669270828125 0.15190972187500001 0.302734375 0.1171875 0.3645833328125 0.103081596875 0.4459635421875 0.13563368125 0.5908203125
2 0.9602864578125001 0.07486979218749999 0.951605903125 0.0358072921875 0.9461805562500001 0.0276692703125 0.9342447921874999 0.0341796875 0.9559461812500001 0.1090494796875 0.9646267359375 0.1790364578125 0.9743923609375 0.1497395828125 0.9602864578125001 0.07486979218749999
0 0.6203125 0.1234375 0.01875 0.0296875
0 0.41875 0.10859375 0.00859375 0.02109375
0 0.453125 0.19375 0.01171875 0.01640625
0 0.4140625 0.29296875 0.0078125 0.01640625
0 0.5890625 0.37109375 0.01484375 0.0328125
0 0.7359375 0.475 0.01875 0.0296875
0 0.4625 0.69453125 0.01875 0.02109375
0 0.4484375 0.6296875 0.0140625 0.01640625
0 0.05703125 0.78203125 0.01640625 0.02734375
0 0.01953125 0.62734375 0.01484375 0.02421875
0 0.8109375 0.09140625 0.01171875 0.0296875