0 0.37734375 0.6984375 0.01875 0.02265625
0 0.72890625 0.146875 0.0171875 0.01953125
3 0.05390625 0.440625 0.05078125 0.06640625
3 0.10390625 0.56015625 0.08984375 0.075
3 0.0875 0.75 0.05390625 0.071875
3 0.0171875 0.7171875 0.034375 0.0734375
3 0.15546875 0.7828125 0.05546875 0.0875
3 0.21953125 0.78515625 0.0453125 0.0734375
3 0.28359375 0.790625 0.03984375 0.075
3 0.35390625 0.78046875 0.06953125 0.0734375
3 0.45390625 0.275 0.053125 0.0875
3 0.58671875 0.2734375 0.046875 0.06484375
3 0.4203125 0.3546875 0.05078125 0.05546875
3 0.4625 0.546875 0.06171875 0.08125
3 0.71796875 0.53515625 0.0328125 0.0421875
3 0.7078125 0.64296875 0.05 0.078125
3 0.65078125 0.70390625 0.05078125 0.05390625
3 0.68125 0.75390625 0.03359375 0.0484375
3 0.78125 0.60859375 0.05234375 0.09140625
3 0.61484375 0.60859375 0.04453125 0.0484375
2 0.26909722187499996 1 0.22786458281250002 0.9098307296874999 0.09874131875 0.634765625 0 0.4573567703125 0 0.4720052078125 0 0.4915364578125 0.073784721875 0.6184895828125 0.12803819375 0.7307942703125 0.2571614578125 1 0.26909722187499996 1